3451
5242
9683
4616
4742
4566
4932
6756
2911
4674
2259
3521
1835
1616
6040
5144
1418
5055
3409
2561
8405
2752
9522
2126
5149
1138
5549
3146
2524
9188
9834
7337
1479
6067
8260
7571
9414
9976
200
9218
2165
1024
3655
6444
233
2201
5889
3257
4922
8000
2518
2254
3609
489
6972
313
521
6219
5346
9791
2459
6100
6146
6269
3756
7251
3963
4265
7280
8731
712
6421
106
6923
1694
6816
4491
9219
3057
968
3136
5792
6148
2529
9241
6952
9727
1538
8919
5681
1789
4385
9630
9929
4572
5891
3276
2968
8177
4827
882
784
1038
3399
2414
9109
4190
4014
1543
7255
9035
1194
1047
5332
820
956
7334
326
5954
3618
2593
158
6941
4699
7647
248
3344
9971
9772
715
2966
201
1386
3088
2372
7945
5021
7680
7087
435
5298
6668
3816
5554
1280
3439
4908
9373
6714
2917
7258
3641
2236
4997
2642
3760
6995
8211
170
2783
6066
935
8926
5339
361
971
9829
6139
6926
9817
4421
1010
6950
243
692
1626
8351
1687
8683
2687
3613
3106
1610
6602
238
4245
8001
1501
6671
6688
3067
9535
3323
9202
5447
9040
2393
8975
7169
4449
4081
5501
7718
5848
9884
9355
177
696
7308
4264
7866
2166
4696
5282
6316
9181
8337
6292
1140
7574
1113
163
8238
5028
9858
2695
9998
9384
2261
6884
4009
3390
4750
6363
6035
8367
8882
6523
5156
185
2053
5172
4935
9818
2758
5178
3246
6127
7826
4629
8595
5902
188
2704
9009
2389
2253
5186
1015
3177
8866
7728
3728
5517
9993
5094
9958
2888
9679
8853
2669
2667
6743
6094
9077
5496
6068
4853
8839
7264
3404
2040
8163
8209
4486
3031
9712
2598
107
5749
1807
5108
6931
2537
4807
6382
3698
7503
247
3840
8025
2305
2339
9298
7091
5107
4413
8399
8578
1680
4060
7109
5367
546
3828
1801
8111
1177
5735
6992
4309
378
483
7395
8686
6631
1726
4482
9636
2931
624
2093
7034
9421
9243
4851
9689
6183
8788
2680
7391
7614
1852
4522
2095
6073
5752
487
4649
5583
8564
8314
3121
7171
2861
5507
4743
9341
3248
6821
9599
7196
9664
2935
9046
6
3825
2145
8646
4284
7027
4172
8169
933
2029
9049
3361
6503
7514
8112
4625
6291
4378
212
359
6000
473
6643
6104
6762
4063
6348
6323
9401
5128
6279
4692
4455
6230
5316
8475
5584
2046
419
9914
5471
5230
1728
4623
1143
8155
6794
9714
665
4070
6560
3736
8312
3710
5381
610
539
7632
3350
7963
2782
3672
7672
6078
3259
9765
5615
9185
4200
6276
3674
2714
3438
9297
6811
2930
6379
4280
1730
8898
1924
9201
4811
4773
5207
2515
7304
8140
6747
7214
7825
3903
6852
2225
3780
1063
7301
4574
5142
9889
6841
3726
6376
4442
4319
8845
9656
7664
1930
8456
3692
647
7026
3625
8273
3172
2014
5959
3468
3732
4360
3668
3906
166
4040
6787
3907
1541
9336
6134
6976
5039
2785
8106
8675
8579
9626
9910
7951
6191
6047
295
7675
9505
6187
4730
5000
5831
271
1216
9347
5874
1151
6987
754
7804
6090
4931
8636
4607
904
1099
3688
1589
4752
4507
4311
5307
6913
1970
116
9301
8906
7279
5453
6739
5121
7608
547
1192
9944
7888
9325
2202
2956
707
7693
5504
316
2234
6831
2660
2764
8586
343
4863
6940
4898
8875
6368
2498
2984
7458
4150
1752
5859
1534
206
209
1829
8421
9986
680
4187
9912
7789
7165
8377
1945
2147
9493
1676
5887
6360
6304
5024
1233
6522
5825
195
193
1686
4261
1334
3116
4915
1403
6971
1842
4411
9851
1209
4495
1858
1635
1748
5473
8132
5061
1013
8281
3007
5080
6759
2220
3983
4138
9795
5729
8317
6088
3356
3859
6012
5086
1103
1377
103
9816
2330
4195
8265
8060
870
7373
237
1980
8233
8597
8854
2790
281
4037
7253
2805
5654
862
8089
8833
4509
8669
3500
7708
2175
4221
4788
8286
2183
432
593
2081
5179
2532
430
8768
7400
7035
3367
9786
4329
2516
8708
8255
8849
6645
6125
6383
1738
5608
144
8
5373
5733
9853
4843
6635
2221
9841
3385
3482
3374
3214
5786
1830
979
7660
8828
7949
306
3714
8964
241
3459
5755
2997
2608
9453
4350
7062
992
9294
2407
6936
6170
6684
2435
6220
1406
2437
861
7850
3708
8713
6563
8689
9800
1874
5883
2387
2249
8457
8973
8855
5861
3713
5784
2993
1150
6105
8185
1391
1535
54
8551
1410
2308
3670
4019
727
3743
7427
8068
8974
1578
8627
1539
1246
2174
6549
1949
881
1566
6218
1469
2607
8165
9474
2286
4033
9531
7375
3009
5502
7964
8981
5135
8956
303
8444
5804
70
959
522
4550
4665
4204
7925
4400
9064
2207
4903
4657
4729
8497
6783
5264
7601
798
5222
1843
3808
8205
1454
9917
1979
2804
6670
4392
4208
8370
2359
6663
8673
1999
5009
5675
1193
4691
8198
2155
5126
1983
3886
6552
3152
9420
2307
1974
6255
9715
8206
4270
285
9776
5596
7802
2778
3877
6171
5481
354
18
4428
3844
3292
6438
8834
5071
1104
5856
5160
3148
6938
5773
5885
6914
2192
8244
1292
2491
8544
351
4045
5416
3868
5737
8918
8213
4146
7884
9596
5594
4213
5158
6858
983
2304
6416
3644
2293
6905
618
4358
3422
7313
4262
2267
2243
3526
1968
1611
7184
1276
7732
8724
641
3107
2749
8047
9720
8460
1188
2232
4011
1242
541
5406
1975
4169
1570
2017
9488
8290
2406
6484
7629
239
2096
1052
6200
5005
8419
339
811
8574
7370
9051
2746
9700
439
5546
6726
4837
7151
2400
5486
7983
3093
908
9279
6041
7976
5311
5263
8023
2920
9099
5913
534
63
8454
7052
147
7502
5901
4832
3179
4923
1880
3379
4225
9120
760
8818
8401
7324
1253
3488
7189
1960
7444
221
4112
4524
5545
2170
5509
9738
6396
7303
2757
676
6840
1584
3395
622
5741
2830
8190
4339
4328
9416
8813
7683
7868
6813
6844
3744
7220
5828
6585
896
4332
5559
9838
7701
7117
5912
7981
5136
8792
3968
9463
6616
4804
8817
3948
4677
182
8693
1011
2866
987
1496
6364
6772
3225
5852
2711
4051
2371
186
5277
7972
4117
2391
4964
1102
7152
1420
2233
6624
2582
2392
4519
9896
3125
3934
1021
6838
1947
8951
3781
3847
6365
4979
3829
5421
6558
6011
2229
9212
7447
3101
5722
4925
9073
3897
2428
5966
1702
3205
8037
6439
1369
2159
1863
9793
167
7126
9588
4246
5137
409
4061
1751
5603
7711
3001
7061
2303
2109
5328
8890
9191
2731
3471
9905
394
2338
7724
6258
989
9410
4928
9507
1756
165
6378
6235
1921
607
4916
437
766
755
8126
6603
2862
6911
8278
5633
1494
5303
9600
8051
6118
9221
6169
3467
6962
6581
8931
6109
6076
6367
7076
3034
2172
5588
762
3412
6436
9610
4855
3282
3986
5778
5472
6965
601
5250
4337
4118
3192
4067
3908
8734
9078
3940
1834
6394
328
7198
5354
7780
5770
3140
3285
3773
108
5668
7490
5198
5648
7901
1907
5157
8108
7238
7019
3645
8638
1649
4086
7362
5133
1545
4007
4551
6790
1888
5189
1564
1732
920
6150
9346
3231
9923
8330
202
6097
3237
5563
1653
318
2663
1586
8736
3747
1442
9170
3852
928
3661
2292
2366
9322
3063
5314
7162
1180
2190
4310
3317
3211
5218
6160
6814
1910
3461
5894
7766
8341
4223
365
1958
9244
5969
5475
3017
7633
3932
4320
8220
8812
4304
4544
9697
6896
2837
7813
2178
6440
1981
3902
2317
9969
5412
739
2946
4403
2390
8893
5140
3304
2084
1816
5322
5620
7769
508
3157
3920
4228
7272
1510
4288
5903
3251
4534
614
3572
5436
9151
9370
1325
7223
64
1690
6091
794
4373
6082
7926
3338
2097
1111
9328
6004
9674
8294
7321
5299
8091
5928
7136
8557
4965
868
1950
9983
9648
5622
9965
2103
3719
270
5034
7663
695
141
1101
6763
8566
288
849
414
7793
9763
889
6681
803
190
7987
9144
1129
7221
3241
2299
4610
7470
2925
1224
6937
2791
5950
3445
7687
4489
1490
6226
1503
3845
2409
8305
1995
2003
2000
6254
6321
290
9547
5900
1576
4148
5060
4321
2180
4031
6317
723
3810
9598
6256
9461
6504
5153
7326
1349
8639
8491
3648
1717
8243
6889
3740
9797
7874
8911
488
9396
5151
204
8392
5676
2285
8584
6975
5908
5041
3626
1285
5958
890
7429
9108
6402
4748
9233
7235
2313
6955
9285
8329
4938
6199
7170
1096
4032
2381
5644
9371
8178
7291
9882
9954
4913
6006
5991
3559
9594
9615
4739
8128
2354
1873
6554
2008
6960
2294
879
3787
3206
3430
6919
2794
8995
9480
292
8752
9162
2979
1736
8353
3805
1438
9922
3904
9451
2692
929
806
4873
1542
1721
6381
8811
4194
8168
7254
688
9010
8553
6713
7600
3444
6887
9809
128
1260
5949
9790
6158
7912
3589
2394
1555
6546
4690
3437
5370
9730
9643
7406
4408
9802
8668
6281
699
2924
5168
7448
1257
4643
9113
6534
2828
4798
5560
4087
9060
3373
6510
8215
9814
7261
5669
7589
3103
7596
6674
7577
9701
693
8469
826
5345
8885
518
9189
7974
5052
4147
9469
1332
5317
9478
8362
9448
1770
5570
1936
9011
1971
4331
793
191
2134
8109
5265
6640
3867
4052
4609
7994
4862
6192
1139
7009
9392
3792
4941
6278
8439
2842
5294
9275
5647
909
4458
384
9780
8288
6121
3512
5073
936
4424
240
8015
5800
1988
7923
7127
4977
1691
1049
4423
4741
5141
9753
2581
3484
438
6731
3608
3724
6193
418
5821
2396
1278
9273
2594
3494
3854
9125
9558
6866
9856
5542
785
42
210
3809
6660
6594
7591
7366
9499
4785
6242
9160
3643
4890
3299
5152
1854
1831
9824
5404
9339
253
6014
6580
5918
8804
2781
338
8204
565
2142
7340
5199
7122
8653
7806
3011
3753
2309
389
10000
2575
1231
2732
5252
7463
2070
3182
5056
6712
7727
4516
1920
4605
1707
6132
8798
613
8295
9902
3203
3227
7275
738
1647
5999
7584
8979
6260
8164
353
4325
4630
1727
3477
8188
2111
9286
2461
1353
4675
8509
1196
8007
2284
39
7547
955
810
7446
6823
1952
3286
4198
8261
5382
7013
8189
6239
5813
9550
5244
8391
213
8325
8348
9968
6945
1145
8433
6205
9982
1381
2799
8672
3629
606
397
1899
3709
6511
5519
301
9402
1091
1309
1006
1130
4287
1822
7063
5336
5895
7542
1622
9229
4365
8445
8262
7759
5103
7199
7756
6124
1464
6036
6757
5718
5624
9034
8901
2019
3722
5682
9441
9018
1210
8354
9951
6327
6143
6334
3023
926
6117
6221
7469
4289
7378
6836
1890
2915
8540
9995
8156
8523
1498
1530
9634
7121
1602
4737
9313
274
6802
8429
5269
9318
7797
5972
1238
5251
4728
7274
3398
2290
8764
3990
1976
7918
7394
6461
440
4137
6777
823
9038
5196
730
6324
1931
964
8231
1358
9352
6009
891
5941
8988
1961
5790
9686
8706
333
1696
4590
9153
3551
1977
7399
1689
6430
9947
1183
2849
3346
3659
7344
621
224
9265
6223
603
8145
581
3040
293
6758
4521
1861
2335
1654
2798
8625
2884
6186
594
6126
7204
6658
2914
5342
4781
7008
362
9005
9811
5423
7025
5992
3396
9440
7079
4687
2553
2124
4189
4414
6848
1745
9087
9904
2950
4989
260
8221
8719
9642
4914
126
4454
4894
6577
2624
3587
1065
208
6752
3311
2074
7032
99
2431
8758
2157
220
6734
8745
4548
648
2341
8655
1883
3387
9223
5524
2009
1202
2287
4098
3865
5868
7995
6893
4233
5606
3575
9717
2843
1468
4154
3119
570
8521
5631
687
2565
9724
7808
5391
2651
15
4096
9590
4461
3196
9295
1186
6835
309
903
1893
3229
3456
4874
5906
8666
9549
6978
8663
7218
254
4613
7475
4050
3223
5980
8565
3890
7625
2262
3156
1352
3759
9749
6545
1674
1355
8737
8978
4425
4963
9496
7048
27
8647
5936
7694
7410
2549
9065
7969
9703
3397
2948
5748
6981
8355
3062
9079
8033
9348
6659
7172
4626
7585
2039
2665
3492
7093
2971
5042
6049
7474
2241
3957
9071
7961
5670
7336
4048
6667
3571
6426
5943
4357
8503
9186
2367
6212
9495
95
1955
5815
9435
7488
1865
4499
3628
3800
3110
2050
6282
9457
7416
9159
8284
4476
9376
792
5180
3735
96
2606
9436
3244
219
2673
3281
3936
1234
6834
4209
6302
6178
6087
2591
8705
4961
3864
7115
7281
7812
4375
8172
9760
6527
6026
4601
8102
3982
1628
2319
3597
9132
9235
4641
5607
893
3923
8271
4734
5685
8561
6808
869
6113
7712
4436
875
4468
8340
3141
5774
2988
8135
1189
2932
4164
6060
9807
3415
433
5465
8888
731
4056
4816
236
3181
7525
3842
5706
3807
4437
8486
6456
4089
8782
7733
8195
7909
9980
1972
6751
1067
7851
8427
2295
2176
1922
9640
5243
9216
3675
8482
5119
7318
3340
4749
6062
497
9742
5997
3763
8970
16
7581
5637
1223
8527
4473
3139
5358
6025
7745
1160
2797
2164
7077
1965
6619
788
985
4711
7329
133
4074
2934
8548
1121
1919
5275
2723
8634
3457
4480
9874
2813
6251
4966
3729
1724
8437
1788
1219
6791
6703
1646
749
6432
7749
7781
1467
8257
1128
827
9903
9345
8664
1081
1389
9121
5171
5867
3060
4882
3240
455
7834
2737
6310
1330
4055
1290
976
9895
6651
2256
4560
8938
2560
8154
9936
3770
8040
149
3635
4848
449
4715
8860
8142
6351
4293
8072
8989
7249
2488
598
4140
7575
5580
2576
3162
4348
8084
2990
9857
4511
7875
481
2030
6216
9783
576
7055
2481
8464
9267
4390
6656
9665
8228
6780
7167
3595
4701
1753
4738
6474
1575
6386
2240
4300
8512
464
1804
8771
7341
6244
1537
472
1426
8823
7785
7947
6306
888
5425
2350
8726
1084
3473
6696
6373
1793
3734
7544
4751
1282
8144
5454
6155
2951
6234
2423
2302
5254
4834
6198
1699
5933
1450
8151
8122
3070
4593
3491
6721
3555
9595
6420
2002
2340
2538
1594
1271
2079
9209
2263
2649
4996
3022
4278
8949
572
7943
3914
3217
5585
7865
8631
280
3104
396
6753
7735
3366
1592
5466
8690
267
2430
7967
6928
9429
7920
536
2034
2378
5206
1324
7031
4614
3870
844
2015
3601
1775
2668
1656
9893
6741
8546
4812
8577
3218
4867
7543
7917
4485
4926
6715
3758
6797
7382
1500
8424
4822
3776
6044
4801
6005
6647
3352
1397
9593
1122
7012
3360
9311
8953
6356
6521
7610
8802
3102
4220
2146
8127
5182
8821
1562
2352
9008
5213
5794
5101
9107
7495
5662
2238
3598
7878
3711
8150
6799
6466
2734
953
3652
9662
7179
2357
579
3885
7409
3657
1354
501
4030
7934
9350
4726
3161
8517
9521
6661
324
1480
6057
4992
6311
2895
995
8831
5267
6513
2525
2193
4132
8735
6628
7757
9981
9084
84
3433
5070
8610
6876
2527
8591
4758
94
1675
5083
7603
3695
8688
8602
7283
7801
3566
2484
8472
4901
2646
8526
9955
617
9314
7452
7246
5924
5973
6248
5434
4583
3262
9101
8806
6459
9260
7353
7083
9128
3442
6401
6686
1335
5287
6736
127
9918
4167
1472
8535
7819
7628
2489
2786
1245
7357
905
2609
8603
1237
192
8099
9706
8654
1746
6781
6788
14
9925
4398
225
4382
3506
1436
6680
5819
3287
9693
1903
1782
1382
9591
7374
3824
1050
8071
8605
3525
7004
2123
205
5273
249
9657
3962
8097
2825
930
4744
6229
9631
8027
1319
5977
7846
3247
169
4259
2870
830
7441
9225
9794
8563
1232
7771
6613
2016
9111
6875
9226
2160
3320
2557
4296
9680
1774
9823
5505
6168
2333
3414
3335
6899
196
9444
9953
9092
5495
115
3290
7108
1376
5557
345
4764
4981
6423
7980
3754
1525
2375
3891
5214
3712
2580
1985
5506
1281
35
4078
9067
2033
5379
7098
3099
764
3078
2645
6433
6492
8569
9788
3669
2648
9280
7033
4435
632
9242
2815
1136
8266
374
3967
8336
523
6723
7426
4684
5234
2027
7143
1239
9365
8453
9291
2433
7838
4018
8310
5835
7306
344
6106
5541
1303
6817
5232
6163
7216
2219
3073
1913
1365
7319
4151
259
2182
9859
3549
8285
4336
9114
3827
2809
7977
9888
7202
6240
9443
9254
7944
5629
6130
9908
8987
4216
4038
1767
1637
4852
9293
5377
8704
4846
6873
9575
3882
4145
5552
5256
6270
4654
4725
2026
4417
7587
2661
8237
9651
1229
6022
5111
67
1553
129
150
9870
8662
1826
6849
553
7731
4235
5878
6961
8765
591
2217
5173
1064
3117
9517
3170
5356
2823
9020
4297
2494
9966
9236
3027
1475
2343
841
7197
3302
3819
4282
7352
2664
1514
2041
5468
4554
834
5098
9014
9532
6110
7699
3418
8749
2691
9230
4761
5387
8088
1742
6595
3041
9992
8966
2353
1791
6750
8950
9587
4244
1345
4904
3605
7679
9881
199
965
828
4163
1310
7736
9938
2048
7007
7247
8993
1809
3523
6108
6414
5625
5657
6489
8326
1739
9459
7896
6313
226
9741
8641
2336
4636
4783
894
5483
7592
9146
5845
1379
3365
1394
1261
2725
846
8004
3092
3115
5364
8292
9452
8621
5618
6001
3944
7435
7124
3174
3059
9096
9422
1505
3718
2562
3263
9380
3054
5089
479
9746
3943
9518
2288
6827
4
5203
5174
1917
3997
5257
3987
6141
6509
2342
4663
5467
6446
2443
8697
7348
7595
8667
5195
6810
2397
5261
4829
1249
8264
466
2519
3112
8533
4618
7030
402
8352
7760
4530
667
6164
5047
2098
2064
1551
4080
9360
2541
2754
1401
6704
2881
6287
3651
8876
1973
1603
3000
6672
2383
8414
8062
1395
401
7350
8986
7700
4109
2168
8576
4940
7685
7746
8684
7146
2755
7368
1764
4520
2912
5092
5246
2709
2972
3384
7155
9091
6033
1088
5221
2471
9566
8967
4839
4704
1273
6377
9789
6412
5191
6966
4598
1033
5640
1338
8455
5880
7864
8935
8513
410
1197
7017
1443
9808
4457
5561
6922
1039
1629
9750
8114
757
2460
2643
8851
8773
9423
283
6415
1135
5315
7799
575
4258
9604
4165
2325
5091
5018
7066
6716
9239
8157
4881
1298
2840
7529
2052
7508
7782
922
3701
865
308
3392
4707
1527
9405
3545
2442
3178
1027
8043
5493
8744
6352
1154
6967
5975
9897
4131
7566
4528
4279
515
5890
6354
366
1813
6072
804
56
6665
113
8207
9885
5960
3339
5456
659
9061
6737
6023
7499
7645
9781
3511
2855
4161
9118
9512
8894
2627
2478
9725
6419
7442
2698
2177
3207
9985
1524
1441
6809
744
677
1918
3483
9104
2056
2127
4315
3142
5077
91
3558
4710
4124
1075
9890
4416
2356
1110
4537
8948
8297
154
5253
2923
3129
2883
124
9678
4277
9390
9433
1875
6528
9324
4683
7137
5320
2113
8415
364
5781
6784
1549
5202
3008
7676
8103
7010
2129
2315
8871
8775
6599
6666
7557
5489
8997
7114
7611
2505
7239
5592
932
5839
3880
4635
4127
1876
587
4295
612
137
726
5169
3971
4047
7407
9864
5708
3989
1431
7430
8727
3100
7706
7707
653
2440
7205
4713
7080
9498
8181
2530
485
3960
902
5312
1012
9989
9082
4025
9592
4027
599
1912
6498
8920
2143
3717
8384
5907
8313
5745
9168
9251
8420
7913
6596
5591
967
7450
8628
2551
3585
2010
866
786
2927
3169
2049
3588
2733
1
332
5285
9878
2075
8870
490
8794
8069
5925
5720
5375
1371
4720
2533
1757
961
6679
1529
2587
9984
8476
203
6405
3821
5760
4790
9771
2361
7579
2099
1162
859
1766
8795
7848
1191
7157
4958
6111
8784
4395
5522
4447
8115
9509
4705
883
4754
9698
5226
1780
2136
3407
289
4000
5922
6879
5826
4472
452
1250
1815
8504
7123
2502
2628
9310
2986
3427
1695
9956
4884
6429
7330
7682
8425
404
5167
6559
753
5566
7869
4579
8403
4412
1106
7323
1618
451
6499
4840
3604
8407
43
3291
8934
2882
8092
6039
9288
7839
7354
3029
2674
1266
7226
2094
939
2589
2364
2445
1297
7616
5719
4802
2983
3180
9624
6074
7517
9033
4763
1885
8943
1859
8159
9877
2289
1002
2543
6820
2958
9909
6916
8899
2163
4088
5029
4575
79
9284
2300
9362
2913
3561
5217
388
1850
2942
1504
4318
7795
6677
9907
1509
6657
831
2558
7380
5673
9501
5211
9182
5709
661
8746
7690
7486
5905
7654
2644
337
7383
1201
7886
8617
7518
1787
6008
8718
4012
1849
3452
1120
1366
1306
6408
3611
6611
2497
1311
3802
5518
9959
925
7513
7160
737
2199
6630
9606
9407
1448
2892
2038
6796
6400
9589
8272
1167
615
5769
2535
2879
5503
6320
2507
5516
774
8814
2280
9906
2647
3677
7200
6028
8263
9155
8991
7661
9996
2617
3004
8501
4065
4076
5904
9161
1343
795
2448
7054
709
3507
2005
9247
3863
6583
4693
3358
8070
2091
3946
585
7726
5844
4631
8095
7322
7824
9445
7023
4251
714
3083
9468
4879
7565
2763
2245
4539
919
6632
5248
1765
2571
8495
9875
5853
907
8864
3915
8402
1606
3401
5499
7186
3855
9934
6626
8769
1996
1185
3295
4541
1585
8413
2856
6815
6298
5739
8825
2839
7405
5750
6768
2716
4101
6385
629
986
3892
560
5572
706
6786
3436
4119
7564
8474
9564
3381
9960
9620
5368
2670
4532
7530
3798
8442
7484
9911
6861
8543
1227
7493
7536
2455
5530
8361
887
5057
1251
5359
6384
4803
2255
8250
2282
658
4021
6390
901
7467
1098
1953
1286
9354
8742
9942
4952
3518
6514
5007
3921
5619
8880
3791
7148
4697
2135
3495
8910
3772
171
3216
9582
1701
6122
5037
9228
5881
7546
8483
2035
815
1617
7116
477
6243
7637
4933
800
7
4029
3874
5260
3959
4668
6996
3992
5985
6692
3875
4943
4645
4842
4497
4970
9136
9585
4680
6264
9622
999
8539
5602
2452
4121
6947
8937
6020
1625
9559
2705
6806
8365
3563
2877
4188
1776
5610
4670
7668
816
8328
7862
2952
2508
4335
2672
9152
4937
4123
3804
9411
4995
4197
9167
5469
5660
3687
7094
391
3213
5725
9898
3386
8776
9205
7072
8611
2531
6177
3118
960
8299
1777
3939
8763
563
5078
6771
436
7784
6453
8119
4283
4217
5964
2085
2462
4591
5286
7071
2985
3739
8781
3362
5801
1845
549
2314
6209
4949
9616
4446
2100
93
9611
3408
5707
7420
1014
1532
1519
3341
4514
3319
5600
1857
3109
5799
4464
9391
7598
8999
8588
1986
7582
2128
3321
7906
2938
7222
1650
2850
3124
5308
3353
1270
131
1248
3147
6804
2817
2722
3941
8251
643
2485
4945
871
855
387
7372
8323
5798
9300
4517
8614
8819
8180
1709
9334
702
2036
2975
5974
8589
8055
2205
3105
9486
7377
4718
7263
7907
8021
3796
9048
1316
7417
4769
5347
8376
9837
499
9828
8612
5732
8346
7953
6610
8331
6662
2887
2700
1078
5148
9812
8676
5270
9021
686
453
2854
3540
6897
282
1673
583
7559
1348
4745
8874
8759
6792
5006
4505
5976
1531
408
6497
9673
1445
519
4236
7959
1042
837
5927
1291
8626
4950
4809
7473
5512
748
2814
5090
5474
950
5030
7927
442
6016
7541
3003
2600
216
8319
9940
3441
9915
9792
3899
5589
5190
8017
6309
8936
4886
2069
9619
7965
8912
1552
8829
7453
3084
2421
8143
1478
342
2894
7358
892
7764
329
90
9210
7849
120
3748
2793
6473
7224
4589
5916
9831
3056
4206
6161
9028
7309
8897
1994
6872
5678
5567
5679
1037
26
9447
2474
88
7187
949
6271
1356
5027
8691
6847
3681
2118
7554
761
5163
2058
6487
7432
543
5721
5033
7014
5016
5295
6604
7990
3026
5555
2629
8913
1719
4836
5321
1137
9967
7576
30
6084
3919
9133
4644
3155
1385
6131
8053
6422
2604
1066
4756
6053
6701
3432
1563
1417
6202
2191
256
2933
2451
531
3055
4900
5498
511
3640
9988
7535
3898
5115
1304
3741
9083
4891
4302
6144
5627
7038
2845
2025
3600
532
6353
8754
5118
5807
3901
3638
2078
8571
3707
5396
8385
9537
3814
5777
245
3423
814
4909
2636
7946
4053
9358
334
6824
627
8249
5731
5571
3924
7973
7201
8962
7772
4362
1476
6538
6174
7971
5635
8050
1094
112
7183
7537
3288
2436
6988
7854
5882
4341
2427
9836
2377
9843
5462
5161
5926
867
5106
4954
5096
577
5408
9542
7847
6970
5349
8013
3900
12
3704
7140
5776
4226
5544
2465
9006
5613
3607
2851
8525
3294
9184
5529
9110
1341
7916
1722
6280
4658
9308
6567
7692
8480
69
7775
7130
8485
9707
520
8783
4581
148
8519
5521
7563
7050
1040
7677
8141
7134
9721
2969
9866
7343
1811
7105
2298
1548
3503
1165
5081
7176
4875
1840
758
7773
2702
4170
4102
6710
3369
3806
7244
7328
7930
1313
5840
1023
8395
9629
4104
7276
5921
2552
3159
787
7991
8234
2156
9458
7895
8316
8461
4307
8230
4653
4565
3817
3582
524
5032
8730
6491
4651
5125
4333
6328
9568
5272
3322
3255
9567
9708
4985
5292
6576
2420
5957
9050
1556
3866
678
65
9012
8657
517
9208
2904
6335
742
252
97
5898
7548
7904
8192
636
604
2916
4796
8772
228
2671
8335
3086
7185
996
5772
4942
8067
9830
3857
5340
1208
3746
5910
272
6245
3053
6488
1624
3665
7388
3794
5219
4847
817
1048
6129
495
2334
7729
3775
265
2632
6933
350
7349
3972
8994
6642
4210
157
5437
5388
4721
3631
1034
7101
4642
7051
4467
578
4203
6818
8830
895
2264
4173
802
2708
4241
5931
9320
4192
1810
1956
5384
2779
1737
8113
6273
8227
704
7532
3841
9491
45
5401
8311
9546
3039
2370
7931
697
3080
3154
9095
3014
9019
6283
7538
7744
701
5319
1608
3752
8514
6289
7494
1825
6697
9206
4407
6733
4440
2910
6413
9754
6065
3114
5011
3336
568
2919
1554
1572
1125
4377
8616
8904
1387
4361
1786
8790
2065
7807
5515
4409
5692
938
4991
7455
864
7111
1360
2185
6605
8661
1872
8609
9192
1645
2473
9141
9335
6300
8715
3189
9387
6388
28
9815
1824
8357
7333
8801
3535
2801
8073
493
5983
567
2500
886
7858
4232
4784
8466
5875
2907
3024
913
4956
6571
542
8148
5310
5017
5793
24
4456
1439
7036
4231
1763
9704
6843
6052
6458
3615
3834
8622
4724
1593
694
2753
8079
3642
7908
5586
1841
8184
7041
7750
6706
743
3820
6892
1203
2408
9644
2886
6201
9323
8522
1856
4366
646
3030
4144
3731
5978
6445
3980
5419
5920
102
3061
6871
3634
2584
4824
6898
3145
9240
717
8770
6629
2937
2382
4681
5350
5043
8924
9388
3771
8846
3871
2444
3108
5944
2577
1951
4971
1198
8619
5797
7767
7164
9266
1247
948
1374
824
3235
357
2231
6907
3970
5025
2059
5442
423
6295
9845
4664
1195
168
6312
7145
2120
673
9472
9169
6591
284
1688
5192
1390
4899
4648
7855
5984
4448
2379
1940
8959
7128
1668
145
3377
7005
2961
5193
8022
3887
7539
2765
6524
3639
6850
2310
8318
4799
4084
1677
829
5823
1827
7457
6895
1821
5841
486
5730
3702
6985
3716
9467
3324
1891
7510
1323
5443
6886
6608
1315
9810
3279
3470
1648
9126
1170
9676
679
5066
9916
4478
5258
3158
3928
9264
9787
8160
5877
9454
3475
9337
3524
6358
3527
8344
9344
9933
426
500
7723
6059
9801
4475
4103
7449
6329
5579
8382
3883
6506
4049
5808
6138
6442
7919
9924
8545
4326
2868
8536
3328
8396
156
4238
1267
1456
8289
674
771
211
3637
3815
1001
3440
9190
2374
73
1153
1487
8268
2960
4452
7058
9002
1803
8349
5240
4492
3002
3479
7342
8133
4255
8511
7265
9426
421
279
6393
6765
1471
6956
9383
1446
9149
9524
4600
6079
9138
3706
7891
3201
951
349
4918
3221
2237
9200
2130
9850
1778
6717
5449
2620
4540
2867
2260
2944
9530
456
9718
7211
2384
2447
4760
2316
7800
1828
6882
4290
8805
1482
3089
6890
3020
3143
997
1178
1639
994
5362
6098
9842
3044
460
3015
1259
719
6618
4797
5762
4136
4669
3469
347
7597
2416
9015
8755
4097
3789
502
4547
2694
6447
3778
4186
257
812
2006
1114
6537
101
7053
8358
8902
7481
2468
6021
2401
3098
8339
6760
6232
6689
3856
2021
9140
2514
4156
3938
2239
3318
4069
6910
9628
9187
2362
1041
6935
513
2210
7696
2167
9449
7872
7120
2492
4968
8780
5105
2896
2080
4825
8581
8608
7914
2054
118
9900
3612
9289
4531
9647
4073
7572
7332
3370
4619
162
3305
3586
9207
5479
4349
4370
5446
2630
5112
6017
4515
5165
7029
2941
9338
4177
2728
1215
9372
4793
6372
8506
4122
6766
3331
8081
4944
4005
5145
9579
4806
1574
1308
668
1506
380
1790
6274
8232
2940
5380
5187
2246
6748
5301
1614
8087
9157
1255
639
4054
4043
6590
3988
217
9650
8245
3550
3790
9892
7828
8020
2417
7150
8473
4312
9485
4263
5341
2564
6297
7363
4143
1447
9001
8254
310
8012
3818
7689
3239
2077
1641
4543
6779
1536
7424
9563
8778
4057
3016
475
6612
6215
3918
7792
3581
3242
1452
8796
2153
6061
4893
2874
6463
6622
2187
3884
1045
3596
1184
6206
5204
8554
2271
2426
8229
9393
3378
3931
7347
5842
8493
4059
9726
492
5074
2399
1252
2769
5717
3933
1161
5210
7389
8630
3888
857
8762
4917
2857
7230
1599
7702
9261
4237
2087
9633
821
711
8575
6038
179
5291
5114
3220
635
5955
7897
5854
3684
5429
963
7078
2548
3782
734
4185
6691
7523
3474
7217
25
3120
9252
1633
5562
7367
5551
3533
8360
2963
104
6468
8944
159
597
5811
1460
8320
7903
8618
6375
8252
7476
1550
2326
6238
6266
9386
7084
2154
6338
5394
4735
1734
7256
2756
467
7483
7159
7774
7042
6149
529
164
2110
4780
1987
9663
3380
9572
4542
5526
3958
1336
5899
4240
5431
5129
9081
3191
1587
431
2965
1733
6853
4860
7104
7288
1749
4580
5764
3307
4085
8620
8203
2834
571
2829
9520
2739
7207
7086
1823
8236
2622
5268
3210
1902
3047
2321
8468
2880
325
6894
8787
3260
176
7177
7816
4849
660
9232
3976
7788
9894
1929
4401
691
5200
7182
9366
9263
3579
5911
7411
5130
6989
2959
9385
4344
710
278
9696
790
6162
9427
4864
2978
5593
7578
3705
1463
6544
559
8629
8374
7540
8158
3762
1714
3065
1347
5305
1598
8896
1558
7037
298
6572
5249
5536
3562
3964
3835
5782
1173
6228
3325
506
3296
6156
5754
3537
4861
6305
8267
657
8982
8065
6520
3072
6211
2922
1515
6855
6213
5045
7227
9031
9603
7810
5288
8808
9577
294
34
3826
6569
6609
41
4199
3929
3839
5414
5183
3952
6435
6196
1429
9949
8459
2570
8386
900
4149
3560
6518
4079
5360
7659
5967
8101
1148
9833
4955
8580
637
7252
7606
5809
5846
7437
5508
223
1502
8130
4974
9872
5212
3679
5965
9455
5304
6702
9762
1838
2821
1416
305
1818
4001
2865
4538
4404
7268
7331
3961
2563
3975
5363
9327
9774
4866
4445
5176
3602
8434
8246
729
1759
2169
1508
5987
5671
5872
2337
8418
9171
781
580
7509
6800
4897
2824
4420
7550
1571
2599
3548
3465
6949
4561
3368
8016
9193
3349
1465
122
4082
850
8380
1906
8700
5817
3036
5896
1794
7871
1886
1613
3769
5110
3375
9979
7646
847
1295
5255
1392
2402
3464
5279
5687
642
8014
5478
2252
49
9080
4013
5699
7770
1337
5935
8615
1848
9359
470
3278
7705
9551
68
2517
4343
2718
4518
9332
5830
9556
1115
5395
1062
5075
9571
296
8886
9057
535
8996
7877
504
7761
6727
9100
3490
8869
8702
9023
7364
2640
7074
5779
9299
2206
215
2539
1090
4905
142
6293
1703
8856
9413
1493
1511
6465
842
9042
5756
3849
2987
4470
940
7630
6942
4182
7379
8006
1409
8452
4229
1713
3209
5783
5664
1142
9627
153
7666
1182
9315
8878
9747
3699
5612
7471
2822
6646
4415
48
2141
6031
9093
3764
9852
5015
4919
9253
751
4299
1108
5744
3458
406
1681
5082
5326
4286
6865
9540
8146
3297
1220
9681
527
6241
1230
5727
60
9368
8465
6336
462
6925
7431
6063
7604
2701
3568
6145
5488
8567
3069
6953
3686
8960
8484
1263
9220
1595
2889
7929
5087
876
6222
7531
7593
767
7820
7933
7423
4990
835
2227
3953
6951
8748
5400
4327
2266
6471
6257
8498
3245
9617
3750
685
7070
5159
1896
5961
9156
5780
5441
4106
9102
7002
9473
6374
7890
4883
2520
4095
3455
3193
8757
1492
4234
776
5834
1984
2852
3528
4219
9729
3583
2432
244
6147
7462
8658
9119
8324
2906
5100
3853
4041
6154
9428
1077
7695
61
5847
2152
6587
2747
910
8681
4020
4606
7415
184
1147
8406
2605
1682
3167
4650
8191
420
1424
403
7412
8032
1044
684
2
2216
4427
6167
6547
3132
9609
4584
9961
8530
8479
6247
6272
589
1269
6123
1458
44
1957
3284
8009
9639
6203
1512
3617
9122
838
2062
7993
6974
9901
1805
9548
7290
7102
8532
6151
2327
7466
3013
6007
9977
3466
9117
4791
7777
4381
6502
3539
3501
2898
4502
7163
9561
3312
9262
6954
4324
2082
6265
5860
931
7413
1991
4698
7747
6868
7439
545
331
4105
6418
3742
6725
3364
4453
6982
5947
8118
3429
7089
9179
3376
9268
4202
8447
7081
713
7401
62
6687
8649
1481
9269
9623
7209
528
1661
9855
4133
4857
9340
7270
1022
3910
1762
2410
7339
4266
5399
9431
5897
3497
6969
5209
8085
2051
3751
6812
1068
1005
7259
6729
7725
8998
6719
7519
9163
7478
8900
3909
1795
71
3267
262
4980
5523
2859
7798
5888
2422
4595
1008
7141
1546
6973
4523
4679
1685
8889
9282
5241
4046
8239
4736
6617
5659
7989
6051
9150
1032
2204
2149
8124
4555
4876
3226
6881
6003
1166
2991
8428
5435
3570
6789
6539
1750
4632
3831
9238
7852
993
7549
9450
9612
9053
3032
6477
2247
4254
258
2235
468
4268
1671
4372
1577
1771
4727
4765
8202
7316
6958
7937
8593
848
6517
5247
9483
3517
8410
5293
9621
1768
9539
4347
7626
5266
4116
2509
7477
8592
8714
1378
9637
5050
2274
8409
2612
5979
2873
371
6249
2807
4553
1368
7397
683
7743
1864
1925
2762
9705
3033
7730
9849
8342
9997
1939
6451
770
5348
1915
4253
7641
4354
5863
8052
5963
1604
1962
7740
2211
1073
5716
5598
4621
6464
5775
2403
1869
8035
7271
778
7534
465
3354
8881
66
7237
4179
942
915
6943
5451
2324
2631
427
1887
6252
1086
8063
9134
4559
808
6285
984
3487
6296
4571
656
8171
5476
1383
3224
9930
3280
7713
21
8701
1275
9404
7190
4689
3578
885
1019
5355
8117
3577
7787
1035
8277
3254
3134
708
3666
8852
8134
3342
6290
8799
7814
791
2105
813
2068
664
8909
3357
9270
6318
969
7979
2574
4463
7194
7404
5672
7338
1488
1059
1693
8496
8596
315
1993
1020
2140
1712
8946
5323
2761
4285
1908
6699
7355
2618
8416
3010
8282
2380
6019
4483
7456
9652
2679
55
3186
8094
5461
9728
7651
634
6614
4444
1959
4247
8423
255
2424
7113
6512
4211
8388
5185
348
5946
2453
7225
1855
242
3460
1199
8815
1612
7954
9257
6480
1449
6785
4352
2953
6519
845
2117
9479
6542
86
6991
5684
6948
4907
8287
9198
2863
2602
5306
3663
3298
7149
2131
3632
2724
8293
6637
2603
2496
8816
2597
7516
2657
5757
3081
7219
372
3504
8958
4003
8868
1652
9847
3190
4462
7158
146
8226
250
2060
4016
3085
5452
2637
5076
9317
6722
4814
4257
3266
9755
5464
8389
6159
8448
1817
5639
9415
8613
8398
958
8976
8176
1362
3071
2329
6350
7561
2703
4960
1573
4166
9796
9158
2654
3515
400
8200
7314
3230
6128
5837
3334
8756
340
9439
4036
1889
9761
2355
9973
5420
8947
9211
9041
5139
9506
8643
4716
9143
9056
8024
7161
4064
2736
8687
6755
3553
3090
6582
7520
8462
7688
6045
8984
2590
246
8921
1561
7986
2611
4957
1126
2572
7796
5597
9430
9654
2112
2020
1560
2875
1966
7720
6705
4369
1109
5459
7670
5761
1731
1133
941
4426
5696
6083
4155
2454
6867
2268
5528
1935
6877
9583
1373
9381
261
3250
5713
2467
5040
5970
3327
7982
1698
4709
2226
9369
57
2328
5712
3673
9844
9529
8393
9931
769
3413
1427
2063
1226
2835
718
173
1802
2045
7719
9054
2775
8933
2772
6957
9731
50
2949
5574
4612
4487
6099
2161
1274
9475
2847
3557
4767
7887
4920
1820
3006
9913
6718
4178
3881
5407
1118
741
1847
2482
1989
3662
3183
2699
5131
4249
3784
7551
8338
7056
9231
8637
7752
5497
1636
6341
8908
2760
5352
4962
1283
1495
6929
8045
8541
7384
276
7648
2114
6707
4125
7069
4976
8256
5344
2218
3303
5392
1163
5448
6208
9928
1279
2200
3200
7365
2939
5238
9395
8917
8777
6675
5914
9862
1359
9306
4998
5734
5695
2318
2735
8269
2102
1346
7684
8599
7653
5492
7856
1662
1744
822
9739
8488
3481
1004
8152
7921
5013
2650
3428
6224
8585
8196
7617
6856
7436
1522
197
8785
8019
9584
425
4383
4927
8307
6452
5547
7938
8104
3111
7830
4364
9389
631
7765
1333
1569
3130
3326
4850
429
1415
2827
9016
4139
7144
7932
982
8568
9351
2214
2693
3315
2521
7763
2322
7507
2429
1342
5284
5337
8381
5097
2730
3650
3204
6319
7817
7709
5711
6980
2348
1176
5710
9687
5771
7609
6077
3424
2982
2833
9825
8858
9768
1218
8356
3198
1877
4682
7889
4624
445
189
7922
8302
7278
3489
2806
8573
5988
7487
2047
2425
5331
4647
4110
8005
5677
2995
5765
1322
8508
4340
4570
6842
669
1070
5766
8837
550
8791
6516
9972
3930
5568
9131
6015
9363
3721
4471
4391
9941
6854
644
8379
8225
9312
160
1934
8847
1900
7210
4578
8044
2272
1644
3516
5667
2197
6387
1080
2360
4854
1179
6081
8304
5365
1615
7655
1521
5262
31
393
4494
7512
7859
9024
4889
5581
2004
1190
6828
6034
9734
3766
2385
2567
7634
494
6597
4556
9215
6301
6135
7882
4004
8308
9667
1419
6912
6227
480
3171
3811
6277
4323
4792
2404
5146
6927
7586
6055
9403
4549
2767
2766
7568
6885
884
9692
6233
7928
1240
9534
9625
3603
6565
6525
8397
1833
6641
6181
3508
7173
7294
9827
3502
8235
9059
1894
600
2943
6165
2908
1846
5870
5309
7180
6968
2419
5155
6185
4479
174
1590
7776
7097
2585
7948
3965
7075
5650
8167
1497
2012
8600
7297
4789
459
2897
7088
385
574
7295
7892
7992
17
194
7421
4273
5010
5409
6172
4762
7492
3949
7346
7402
3175
6627
7242
1620
3895
4617
4250
1312
4588
482
117
9076
9519
3917
7667
6724
2066
1640
4688
3649
9487
4633
4141
8280
4090
4242
4135
4363
9116
346
5871
1643
6500
4379
6634
3671
4774
6195
7228
8161
1755
2890
5048
6175
681
6469
9058
4024
1579
7678
4205
1074
299
7624
9409
1092
3564
1659
7567
6553
5302
9573
1568
7836
428
8438
2967
37
8822
29
5892
1272
8162
2957
4999
3188
8832
7234
3173
8711
954
1866
1937
8867
1559
3421
6540
1484
5942
5477
5046
9271
9586
3228
5939
5038
7657
9437
6029
852
4753
582
1483
5231
4821
4546
3420
4008
9494
6391
405
8166
5838
4568
5558
4026
1567
6369
1870
9097
1832
6357
7741
3995
322
4757
7118
7762
4474
5934
623
564
5550
5537
7697
725
3219
4826
6864
2869
1798
3018
6986
9434
8078
5626
556
3277
7860
2386
7131
6650
6173
3283
4180
796
1932
8350
5599
78
8942
92
898
4506
9784
616
6782
1262
82
1941
3678
2148
6909
874
1030
9482
1339
6623
9581
4779
98
5023
6441
9835
777
8977
1396
6515
7028
8820
4062
7273
9203
7215
8028
3243
5649
9361
2588
4039
6115
5937
3449
8914
5812
7960
3978
36
2909
3454
7464
6339
6776
47
1909
2544
5683
4275
9027
7526
4912
5857
7024
6080
1725
7910
9424
3249
3272
3153
5884
2999
7403
8547
8093
6153
4387
8698
2320
5067
392
1990
4113
5688
7753
484
23
3293
9974
6880
3622
4130
5535
51
3372
8971
1715
7975
1461
5338
1089
4706
1131
8827
5614
5538
8741
2365
9175
9069
8275
2550
5361
6550
2116
2569
9154
7758
2479
6236
4338
1860
9036
1923
3122
4708
554
5575
8412
873
1540
2846
1729
9400
3916
4714
3851
3514
52
1812
4175
2639
6486
8387
7414
8153
6460
9094
9653
7794
5386
5698
4686
9536
9736
2653
6593
3476
3534
588
8194
6046
8529
5374
6638
8042
4768
7059
7046
1425
8137
4661
6878
1155
9854
1660
5577
6048
8907
8174
229
2720
5850
7049
5636
6564
6225
1772
9406
58
9085
2626
1100
3164
7573
5215
7393
2573
6874
4305
7880
4987
1320
474
7505
4271
5590
2090
6615
7285
9278
9103
740
3435
5116
8470
2122
3049
1837
1944
268
8954
2158
6846
8443
1025
3860
3813
5063
1946
2061
8518
7984
6720
9417
4388
3580
1400
7899
8003
5026
5357
8531
4993
7243
6586
5424
3630
747
5313
6176
5463
3097
6693
3273
4044
7803
6190
59
988
9516
5993
4481
6075
5909
6054
175
645
2044
6089
3472
4334
4303
1716
9029
602
5426
8961
1630
6990
8761
2547
562
6427
2542
4695
9063
395
2512
670
3316
945
9804
1402
6267
654
605
6259
6286
7996
7085
3126
1867
7853
9224
6443
1204
80
721
1085
6793
9848
447
6403
1769
858
3785
927
6700
7181
1372
2872
1287
2844
1254
912
6237
4224
1998
4910
7240
4973
8136
8766
8703
8824
1061
2707
7438
2836
3552
3846
7428
5460
207
7863
5814
1621
7292
978
8750
8677
2011
2405
2792
1328
323
8422
3761
1964
1451
3646
9602
251
8343
8175
6541
5065
1212
4042
9709
1523
4794
9105
53
3584
3371
991
3306
5229
5533
5759
5930
155
3513
4120
6977
8436
8390
454
9013
8665
6214
6773
3434
8183
7390
5410
227
2503
4622
3185
9666
7612
444
9234
8857
4602
7515
1432
123
2838
6529
9490
9935
2954
6140
8283
4525
4596
4174
5184
1082
7640
9098
2476
5188
3556
3094
6711
6475
6340
9412
1071
2311
1679
6761
8863
458
4777
2306
4134
4700
8214
7361
8059
9343
5989
9304
5093
7737
2277
9526
4484
8696
9470
8774
2230
7978
7555
5919
5810
6860
7356
2449
5795
2242
5194
5389
1301
7715
3803
3685
5796
6548
6903
8173
3680
6361
3450
7623
6322
6900
2832
4077
4982
5439
2073
4376
9148
916
6924
1819
8952
3768
1697
1489
3509
6822
4813
8110
7754
5220
6732
4396
957
7876
7613
2858
7588
6070
5405
1954
3544
6018
3095
114
6347
1028
2721
8446
3309
5201
6085
4865
2945
9374
6424
586
4776
8383
6589
7016
9840
9321
3345
6606
6621
732
8038
496
8694
8844
5833
5768
1174
8729
4091
109
7569
4513
3667
863
6342
358
6457
5351
1051
3755
3045
4034
9316
9716
151
8841
1031
4510
700
4281
3554
1928
2678
9528
1667
7489
7156
4844
8301
5971
2592
9607
7250
6685
3265
4243
651
5484
8905
9502
5084
7939
5044
880
3690
2464
655
2750
1413
7418
7521
1124
7312
3737
3926
5430
4160
3532
6294
6207
4885
2248
5088
2727
6819
3757
1327
4438
3329
3664
2504
8644
7132
379
6103
7590
1754
3074
9342
3592
2812
6217
9503
263
6194
6314
3123
6904
4330
355
1421
6869
1600
3113
9668
3425
8064
8930
5353
8076
3565
8720
1740
9943
9779
8138
6455
9939
9331
1317
3837
4419
6467
7465
768
4248
9222
736
6906
7985
9991
6607
2412
3233
1284
5372
8477
5376
6437
5787
136
5054
4627
3894
3082
9511
8840
7335
7835
4877
7345
9196
9578
2583
8080
4975
1747
8559
9250
7900
7621
2347
5632
3417
833
7359
2992
5532
7440
1026
4126
5003
3184
8848
1672
6362
9688
5008
6979
9723
138
4535
1806
5444
551
4393
9694
6830
3730
6944
3614
6983
2055
3058
2613
7755
5724
8334
3981
7433
6573
4162
590
4786
2083
8303
8315
4594
2001
9733
9477
7296
3966
5604
8685
1437
4291
4394
2258
8807
3538
2675
7277
38
4301
5705
722
9646
3388
4878
7208
1779
1601
7269
3733
1171
9515
5690
422
3333
2092
7562
8941
7615
4953
7192
8074
6345
8123
7480
7717
2439
6303
5001
5697
4418
320
6250
8659
1547
9632
3956
1459
6086
9803
3767
7840
1428
8670
214
7742
6530
8520
2616
3573
5643
9927
8990
3786
8494
2596
2275
3627
921
8515
6778
1119
2203
5623
8884
6409
9194
8026
130
7636
9394
4787
9756
3832
8066
1997
5390
2998
789
7833
4573
6485
8692
8333
7602
675
4800
7021
5836
6746
5422
9544
172
3777
4450
9249
8767
1839
7175
2818
2223
4314
780
809
6908
6064
1152
8041
8680
6832
2789
3301
9399
381
3077
966
3546
9883
7064
3028
9863
8929
1466
125
8916
2250
1060
7387
9408
8678
3998
6397
8489
3994
2595
5233
9259
7386
2150
2980
9597
376
9283
4859
7245
9172
8363
6449
3051
4466
3270
7698
2278
6728
2213
2684
5595
8179
633
4986
9932
9303
5271
3591
1836
5325
4608
6735
8556
4562
1043
8431
7815
8096
2719
5893
6598
8147
5938
9846
1375
3314
491
2446
4451
9523
5072
1241
5049
3788
2007
3858
5645
1268
7107
1711
3447
6013
652
3486
4429
3689
5736
140
7545
8717
4500
7003
5324
5663
4808
3682
5634
7040
3647
4805
5951
2976
6450
1607
2996
5565
4434
2224
4477
4227
4498
4951
1016
317
1235
5123
3979
7287
3052
5689
2244
619
1485
8709
4823
8499
424
3969
5791
3151
2434
752
4656
266
8036
801
4869
7748
7845
4983
6588
947
6472
1083
7950
6561
3068
7479
3389
2281
4880
8550
1526
3127
180
649
5150
5403
4831
1632
4924
4671
4930
5398
3048
4895
1609
9142
5982
291
540
7138
4640
5053
8359
8891
1018
6102
6655
3308
8862
2358
9302
7257
72
2929
5915
4214
4431
1678
7289
7133
9
9382
2635
6738
2283
7129
3137
3453
5014
4984
2893
1474
6984
6918
8652
375
1669
1895
9296
4746
6774
2441
2634
9039
5740
1473
1277
7298
2331
6157
377
1948
8449
4345
1107
2477
4142
7233
2499
6859
7460
5197
5296
8873
2363
7125
8716
8487
9743
5457
3
1871
8740
5333
555
4002
9685
9945
9868
6482
2013
8105
5694
1518
7607
6095
5095
9713
457
5278
6664
1293
9782
5104
7385
9919
7642
5117
1663
9613
8537
8098
9737
525
9798
5932
8039
9946
6333
6578
8721
8516
1264
9886
630
625
9576
7376
5239
7805
4459
7936
2745
4702
8082
4508
5747
3697
8572
2686
7552
9764
918
3624
9000
2741
7039
7203
8364
2681
4158
5335
5216
8369
2032
1705
4858
4759
970
3050
3774
398
9106
7485
3822
8859
3391
9180
5224
7266
8842
3256
671
9994
2899
9691
6366
6404
6359
3541
990
819
5397
3405
8107
3499
6862
6652
6826
7022
4634
3275
9484
6999
2028
9419
4071
4023
6551
275
4712
7902
83
2483
9554
1516
4215
1134
5019
2089
4193
9805
4072
4835
573
8193
1901
514
5576
411
8296
6579
4371
4892
6749
2633
4845
9086
2676
5641
4212
9290
2586
3715
6891
3202
6532
5767
5418
3520
5923
9037
2685
3144
4294
1792
6411
2826
8883
4256
7154
2071
7195
5276
3348
7639
46
1683
5743
3937
5666
8607
557
5858
878
2556
5738
7068
2376
8939
9702
6845
9062
5642
9476
7092
5617
119
2546
1735
181
5487
3797
3723
3087
2195
8430
7082
4292
7305
2269
9305
1457
6997
1881
5143
7898
2179
911
4153
5440
9074
3195
9799
7168
8793
111
3496
8969
1655
5022
6448
682
6730
7832
7468
6669
1307
8208
6683
8733
1430
2555
9745
9661
5181
4313
6946
6346
2623
7716
3700
3042
9645
8075
5514
7310
2871
2776
2511
7020
5723
2614
5058
1407
3745
9555
7320
6600
2270
8601
1380
5869
2138
6037
2974
6801
1053
8276
413
9489
8371
6284
5789
2173
1228
6770
5601
9655
7821
9601
3076
3838
6120
4355
198
8604
6476
3619
1314
2918
4035
2773
4386
5235
2215
5274
9090
9456
9129
1911
3448
7018
2810
9608
4384
9165
5788
1720
6253
7997
1105
9690
2666
2490
5245
3620
4782
783
6407
505
2469
7491
8372
1499
4978
962
3351
8046
7844
7044
4582
75
4652
7229
312
304
6189
6058
1172
4577
1634
1486
7665
7622
4988
2171
1455
9464
2696
6308
6434
4659
2395
3872
3576
20
8247
4817
7952
6584
5573
1087
1414
782
6653
1905
9123
6398
4772
899
330
7673
3833
6964
3411
3382
6883
8632
7570
4094
1127
746
5704
4676
5621
9145
3793
2777
3974
9948
7527
4723
6179
4111
9088
1528
4868
3951
1892
4501
2132
3096
6262
3547
5334
4465
7110
9183
2222
9876
4567
3955
478
7139
7434
4911
8321
2802
8877
8945
1141
1785
2713
6263
2418
3991
8345
1164
1781
9670
3878
6136
8671
4569
6478
9044
2638
1329
6601
5438
3530
6531
5785
2748
4585
1003
9147
7392
6633
3359
4939
6644
9237
9377
8240
4316
9256
4152
1000
807
7768
3696
7599
6654
5829
4184
9963
9899
5703
538
1009
9124
8892
417
4503
3410
5956
6002
5223
4611
6570
4592
3799
7873
3621
5680
9066
9525
4552
4406
5300
3187
9432
3431
5638
509
6863
4114
5036
8538
2619
1967
8722
1326
7500
9767
3783
8149
6575
9068
8029
3623
2228
8505
8121
8779
7506
937
4274
2345
9822
9744
89
9757
1453
2921
4994
1221
8624
4586
3403
7425
1393
7650
3332
3165
5225
4969
872
3012
724
6798
6754
2641
8751
85
446
7956
7915
566
448
9353
5031
9127
7681
4646
5427
8378
3896
2086
7940
7829
9699
7656
2926
3738
4496
1741
7556
4405
8528
8679
2740
5385
2697
1808
5700
6231
8408
3636
662
3075
6483
4597
4740
1638
9861
8210
561
6673
3510
3599
2296
1710
8224
3848
914
2876
2101
6142
8707
1433
4685
7857
7191
5227
3197
2715
3079
7497
6764
8270
1296
7267
1350
8100
5205
4660
698
8300
1412
6932
7671
9770
5753
5383
5952
7885
2194
321
1388
4545
1244
1926
9287
6180
1331
3463
1758
3812
3446
1187
2800
8826
5628
5513
4093
8895
9865
1340
3363
3300
4902
7096
4929
6495
7043
4637
6690
7445
3801
9641
4666
2297
6344
6337
5208
2251
3850
8322
9032
6261
6370
1440
2510
4948
287
1351
135
4269
6501
836
5411
1982
4191
1017
4115
1236
3658
7791
5945
9766
4771
5582
1916
9962
4887
498
6557
9072
4322
7106
4921
9580
5134
8980
3232
2523
9719
3569
1299
1211
6535
6795
9541
7662
8309
6775
9504
6825
5490
2119
434
4092
5539
6027
1112
8002
9778
3005
8216
8411
611
5433
1761
2472
5820
9527
1692
4272
533
8865
1205
5393
1862
2964
765
6959
9176
1520
5873
720
1583
3252
3478
2811
3911
1938
6555
9722
2188
4871
7451
2989
2742
8552
1797
1093
4367
3264
7649
5102
5482
3703
8739
6709
1898
7631
8478
7605
1978
6043
9379
569
3905
8555
9952
3529
8061
7522
6682
9047
1666
9785
763
7644
6210
7236
7881
8129
1700
7811
6839
4252
5691
1657
9735
3720
4870
8274
3913
5330
805
4731
6807
1914
5525
8083
7000
4006
2738
944
5802
2566
6939
8965
4159
9806
390
5494
4934
4028
5124
8972
8594
1029
5177
7686
7360
7095
1258
689
5413
8836
756
4856
3830
4157
4410
7842
7231
5651
7248
5865
3935
6639
6050
9466
6649
8441
7894
4168
8510
6494
9569
8471
2506
1844
1117
3066
8451
3253
8850
4946
558
2928
3131
7213
1684
3037
7369
7396
8534
3222
6343
1851
8008
2487
3313
1206
818
6325
2816
9538
8590
3574
6648
516
6462
9425
1305
4129
19
2196
924
1422
6963
5543
5824
6566
9751
9614
3163
3660
9658
6493
8018
9003
3749
1434
735
750
8375
7286
6101
8928
5611
640
9880
6574
9178
6380
9669
2682
7988
6698
7282
6107
7831
4201
620
759
9869
860
9950
7284
3194
9758
2771
1743
7935
9819
8218
9022
4810
1588
1294
8606
2198
9213
463
1619
5728
4766
6355
8394
7721
3505
7496
7147
946
134
6246
6833
4533
5228
9135
6454
8030
1507
8219
1783
3199
1513
5806
9112
6182
9552
7443
9978
1149
1491
663
4615
9174
4207
6568
9274
1651
638
7461
773
8170
8963
7067
4460
6428
6625
6920
2042
592
4638
139
8368
132
9887
5283
1665
7315
5540
4389
8957
1706
5751
595
9025
854
1723
2072
4430
2162
4678
9309
4068
6901
2841
5940
2655
5415
9999
4888
9329
1225
8598
3337
4015
9139
2212
3269
5816
8507
6116
7327
8985
5866
3893
3542
9492
596
161
2947
469
6829
3208
998
9987
666
9565
4504
5968
6620
6315
3590
10
2787
5876
8583
608
3238
356
7809
728
341
1580
9873
5369
3654
2398
6299
9367
6870
5366
825
1357
6742
8186
2902
6526
4222
4399
5520
8903
8440
1217
3043
4795
3236
4128
1384
3694
672
5665
8524
6417
8623
7299
5715
7206
9748
412
22
9364
231
1123
7317
2125
5556
3462
2717
5458
7583
3725
9871
13
5147
7408
6431
1435
8450
8048
7627
1470
2368
4488
7790
3091
4100
1321
9964
9508
1943
3676
8279
8810
716
5062
3035
2043
5658
9638
9319
1364
9378
4346
5851
415
853
2344
2023
2137
2831
7153
2743
7822
7262
4563
8187
7911
4397
7674
1444
8645
5099
9258
1533
7057
7652
1069
6133
5652
6917
6092
3149
2689
6744
7786
8432
3536
2513
300
2554
8651
9920
6767
4587
264
4317
1933
9570
2820
5630
897
5113
3656
3274
6740
8682
32
2133
2208
2744
9545
5445
6915
2788
7135
1581
8086
5122
7212
1799
4099
2848
2712
6851
8932
1213
5002
9330
4936
2625
4604
2415
7260
4493
1146
7924
980
3779
9007
1927
9732
269
5280
7843
5822
2022
2878
5702
4083
5170
3038
6071
974
7422
799
4010
6042
8983
9462
2970
2076
9026
7861
5371
7065
2463
4374
9832
4818
6330
9773
4176
9349
9684
6694
476
5064
77
8570
8298
8463
443
7001
3999
4717
2323
6093
7178
2291
934
7879
832
6934
1079
4972
7958
1046
5693
2808
5553
2369
2526
1289
7942
1265
1704
8712
1868
9197
1882
526
1963
7618
6470
7504
3950
8139
2568
1884
2276
8927
4841
8562
352
4267
9649
7999
797
5855
4058
3394
9281
1058
1760
8887
1404
5020
8640
4775
2458
6166
450
8861
8922
9671
7060
2024
4755
5998
6307
7307
7528
3150
87
7482
5
8031
6496
1132
5289
2659
3862
5746
3400
4526
4667
9357
2184
2528
1200
2057
4402
5605
6406
9660
8400
8120
2351
5510
9177
9397
3383
3212
4196
5578
5480
4896
4443
6556
9618
537
1095
187
4872
3610
2475
4527
2955
8058
7090
2905
3343
8753
4066
772
4820
733
4017
2450
3973
843
8835
8197
2615
3485
1144
2456
2540
9867
3693
6349
2774
360
6888
3168
8404
286
5343
2610
6857
2349
1056
368
1361
7351
4694
7232
3942
297
8710
9677
9173
6695
8587
6137
2486
5656
9075
3879
3310
6069
9438
2470
6479
9497
8955
5587
9826
9975
5929
3480
6562
6902
4673
1800
4947
9957
2480
8803
2104
5318
8222
8057
2656
2301
2108
2106
3493
2891
2900
9937
4747
9217
4432
2067
8648
6533
6197
3765
548
2784
6112
7511
8201
5470
923
4529
5569
8291
6204
5281
7174
2536
4308
4306
7241
5237
6676
9970
8968
9460
1658
8327
5164
9481
407
2332
302
5127
9820
9513
6188
705
6096
2751
7778
4441
7103
877
3021
3633
7293
2652
81
2579
4107
5259
1670
8056
235
975
277
510
2729
4719
6030
5548
4230
7619
9921
7998
9307
2151
1036
8723
6371
222
8786
3133
3416
234
5986
8212
917
5069
7472
4108
9769
6678
5674
9926
2257
8090
3402
6805
5051
2780
2690
382
3947
183
3985
8492
8373
8347
5686
1399
5609
2662
1565
1477
1007
745
2265
1664
2139
6392
650
5432
7300
8725
76
232
5864
6505
6399
8915
9574
8992
7454
2770
3593
1597
2466
4662
9137
2683
5236
7638
7325
3836
1992
1055
5527
7691
690
703
2962
8253
8417
33
1168
9356
7302
7188
6288
7955
6114
3567
9672
1157
1784
9510
8306
2144
2903
1814
7594
4830
2411
7498
4564
5714
7635
1773
8650
2885
8732
5004
4672
7419
2273
544
5455
9777
8332
6481
1158
8131
552
5701
5763
7015
2795
2759
143
373
4819
5511
9659
1904
943
1642
3843
6332
3531
8633
8743
5843
3019
3606
3330
4967
4639
1942
386
4351
8843
6930
7941
9813
4342
7962
4557
7722
1097
7099
2621
3160
9166
9255
3653
2803
9465
4368
7893
7560
7047
5661
4732
5742
3869
4276
7957
3977
2312
3347
7112
1582
3064
2457
311
3795
3984
4022
74
5803
441
3128
8560
9045
9326
6056
3271
8582
8923
7311
1054
7398
9695
8502
230
9557
9675
4815
1057
7558
3823
5962
4838
5726
851
972
9711
3426
5402
3691
1517
6993
3927
5290
981
6032
3993
5085
2186
9553
7970
3727
4075
584
8747
2346
4380
6543
6921
7011
8542
3519
1796
4620
6331
7100
7166
121
1623
5655
5079
1557
5917
3355
1222
5138
1897
7045
5035
7459
4422
9879
1288
2522
4181
7142
4599
370
7883
2559
7119
3289
7643
110
8481
8838
5996
2688
6326
1318
5616
4628
9043
8182
5297
5166
218
1544
9471
1591
5646
6508
5428
9272
5994
2209
530
8241
1708
2438
4733
8549
7783
9333
5879
1853
2373
4183
4512
7818
1408
327
319
9199
3258
8809
8054
1344
2901
7703
5175
8695
8458
9017
7524
9821
8258
9246
5827
7827
5862
4778
9752
8435
3873
2726
7870
8699
9682
1398
9442
5450
9891
5012
9500
8635
5995
8467
152
8760
105
2768
2413
8660
9292
3406
2658
5378
2796
40
3393
5886
307
6803
7193
3138
1169
3922
6994
9562
6119
8366
6745
8940
2864
3443
2936
5653
4655
5132
416
1363
8010
1596
3925
7968
4722
7738
461
2037
3876
3954
4770
9839
2545
8426
8728
8248
5990
3616
100
9418
9860
8879
6998
2493
1631
9030
2981
471
7371
9775
8500
5953
2495
5832
4260
6395
5417
6425
507
4218
7734
3498
9514
906
1116
7751
8800
178
2501
9710
7501
952
5531
7073
3261
6592
775
9276
6268
2853
383
9245
1156
4490
3543
5981
9089
1243
6837
1405
3135
9204
1423
3996
7739
977
973
7710
335
7867
2107
9635
4536
5534
779
8199
8872
6536
6010
7779
609
512
7580
4703
8558
8738
6490
1302
4439
9195
8077
8116
2018
6708
369
9277
4433
1214
6769
1370
9560
2578
6184
5948
9398
3234
9130
5327
5849
4828
5485
7966
4171
2601
2534
503
7620
1175
9605
5109
1181
7823
9052
6636
3166
1300
8223
2115
399
4576
1879
8925
9004
1207
3419
9740
7714
2181
626
336
1605
9990
2088
7533
363
1878
5818
5059
5805
4959
2677
3215
4359
7553
6275
3683
4298
2706
1627
314
628
9164
8490
2710
1072
5068
5154
1718
9055
3912
1969
3594
9375
3025
5329
2973
11
3176
9759
4603
8125
3268
839
4239
7006
4353
2994
3889
7669
4906
7837
4469
6024
9533
8049
7658
6410
5564
6152
5162
8797
8656
8011
3945
1462
4558
6507
8674
3861
4356
3046
7905
367
8642
1256
2031
8034
2819
9227
6389
273
840
2189
8217
9248
8789
8259
5758
1411
2279
9543
3522
7841
1159
2977
5120
1076
9070
2388
7381
4833
2860
1367
9115
7704
9214
2121
856
5500
8242
5491
9446