3247
5520
7788
2902
9165
366
3641
686
7738
8872
9925
4092
8932
2565
1960
2175
6494
847
8701
8154
5828
8919
6752
4404
4964
3941
2003
4375
6575
3978
6389
9016
9440
5149
2657
6713
6573
7428
1704
9716
5153
1620
3341
5537
4301
7964
6719
5373
5281
6132
6759
6804
7040
748
5897
3080
6107
6855
6924
5402
5495
5609
955
1295
4206
5798
2762
5295
4117
786
5652
7730
4628
9545
8130
9411
9087
6665
3387
6973
9343
6674
7910
2496
8344
5938
9163
3944
8321
3918
3123
6667
3746
2504
2050
2071
4215
6686
1920
9757